foil                                            
 Alfa =   0.00000 Re =        0.000 Xflap,Yflap =     0.000000    0.000000
#    x        y        Cp  
   0.99999  0.04564  0.08976
   0.99278  0.04628  0.05779
   0.98014  0.04740  0.03645
   0.96560  0.04870  0.01840
   0.94978  0.05011  0.00365
   0.93329  0.05157 -0.00885
   0.91660  0.05306 -0.01958
   0.90007  0.05453 -0.02705
   0.88400  0.05597 -0.03292
   0.86864  0.05739 -0.01823
   0.85399  0.05901 -0.11084
   0.83945  0.06023 -0.05469
   0.82445  0.06163 -0.07138
   0.80906  0.06316 -0.10208
   0.79354  0.06461 -0.09768
   0.77796  0.06610 -0.12020
   0.76230  0.06756 -0.12152
   0.74662  0.06905 -0.14256
   0.73081  0.07052 -0.15594
   0.71477  0.07195 -0.16000
   0.69860  0.07341 -0.17973
   0.68241  0.07482 -0.19437
   0.66614  0.07618 -0.20037
   0.64980  0.07752 -0.21543
   0.63341  0.07883 -0.23353
   0.61707  0.08004 -0.23563
   0.60090  0.08123 -0.25763
   0.58488  0.08232 -0.26385
   0.56897  0.08335 -0.27657
   0.55289  0.08433 -0.28962
   0.53664  0.08525 -0.30146
   0.52029  0.08610 -0.31046
   0.50394  0.08689 -0.32808
   0.48765  0.08757 -0.33434
   0.47127  0.08819 -0.34937
   0.45499  0.08870 -0.36219
   0.43874  0.08912 -0.37007
   0.42251  0.08944 -0.38625
   0.40637  0.08964 -0.39519
   0.39026  0.08974 -0.40808
   0.37423  0.08970 -0.41657
   0.35831  0.08955 -0.43088
   0.34259  0.08926 -0.43588
   0.32708  0.08884 -0.44979
   0.31175  0.08827 -0.45227
   0.29637  0.08756 -0.46405
   0.28099  0.08669 -0.46695
   0.26567  0.08565 -0.47293
   0.25054  0.08445 -0.47585
   0.23557  0.08308 -0.47910
   0.22079  0.08154 -0.47866
   0.20614  0.07982 -0.47900
   0.19173  0.07792 -0.47612
   0.17734  0.07581 -0.47226
   0.16313  0.07350 -0.46613
   0.14934  0.07102 -0.45809
   0.13595  0.06837 -0.44697
   0.12281  0.06551 -0.43411
   0.10998  0.06244 -0.41597
   0.09767  0.05920 -0.39606
   0.08596  0.05583 -0.37218
   0.07476  0.05229 -0.34629
   0.06422  0.04861 -0.31075
   0.05458  0.04488 -0.26706
   0.04590  0.04119 -0.22257
   0.03831  0.03760 -0.16259
   0.03176  0.03420 -0.10988
   0.02613  0.03096 -0.04328
   0.02131  0.02789  0.02500
   0.01722  0.02496  0.11556
   0.01372  0.02220  0.18835
   0.01077  0.01954  0.29707
   0.00827  0.01700  0.39615
   0.00618  0.01457  0.50462
   0.00443  0.01222  0.61382
   0.00301  0.00994  0.71914
   0.00190  0.00773  0.82355
   0.00110  0.00558  0.91350
   0.00055  0.00353  0.97247
   0.00020  0.00155  0.99860
   0.00001 -0.00035  0.99088
  -0.00001 -0.00219  0.92894
   0.00035 -0.00399  0.82209
   0.00108 -0.00583  0.72257
   0.00209 -0.00775  0.62725
   0.00329 -0.00973  0.47282
   0.00474 -0.01172  0.31265
   0.00652 -0.01371  0.19220
   0.00864 -0.01572  0.07203
   0.01112 -0.01772 -0.02939
   0.01401 -0.01974 -0.09823
   0.01735 -0.02179 -0.17656
   0.02122 -0.02385 -0.22782
   0.02568 -0.02593 -0.26649
   0.03081 -0.02802 -0.28685
   0.03670 -0.03015 -0.31384
   0.04344 -0.03229 -0.32945
   0.05113 -0.03443 -0.33670
   0.05980 -0.03653 -0.34102
   0.06954 -0.03859 -0.33666
   0.08044 -0.04059 -0.33496
   0.09248 -0.04248 -0.32650
   0.10544 -0.04423 -0.31494
   0.11904 -0.04581 -0.30612
   0.13308 -0.04719 -0.29361
   0.14749 -0.04840 -0.28193
   0.16237 -0.04945 -0.27034
   0.17761 -0.05035 -0.25757
   0.19320 -0.05112 -0.24601
   0.20905 -0.05176 -0.23450
   0.22510 -0.05228 -0.22264
   0.24131 -0.05270 -0.21216
   0.25764 -0.05301 -0.20173
   0.27399 -0.05324 -0.19066
   0.29042 -0.05339 -0.18270
   0.30701 -0.05346 -0.17223
   0.32369 -0.05347 -0.16511
   0.34035 -0.05342 -0.15447
   0.35692 -0.05332 -0.14996
   0.37350 -0.05316 -0.13883
   0.39009 -0.05298 -0.13502
   0.40662 -0.05274 -0.12904
   0.42310 -0.05245 -0.11519
   0.43964 -0.05216 -0.11754
   0.45629 -0.05180 -0.10674
   0.47301 -0.05141 -0.10152
   0.48957 -0.05100 -0.09106
   0.50594 -0.05059 -0.09551
   0.52219 -0.05011 -0.07664
   0.53856 -0.04965 -0.07793
   0.55503 -0.04915 -0.07311
   0.57149 -0.04862 -0.06136
   0.58784 -0.04810 -0.06259
   0.60403 -0.04754 -0.04650
   0.62013 -0.04703 -0.05822
   0.63619 -0.04642 -0.03161
   0.65226 -0.04589 -0.03719
   0.66802 -0.04535 -0.04234
   0.68329 -0.04473 -0.00985
   0.69839 -0.04425 -0.03007
   0.71373 -0.04367 -0.01394
   0.72956 -0.04309 -0.00571
   0.74568 -0.04253 -0.00966
   0.76169 -0.04194  0.00488
   0.77756 -0.04139  0.00629
   0.79335 -0.04085  0.00615
   0.80930 -0.04027  0.02366
   0.82515 -0.03978  0.01977
   0.84060 -0.03929  0.01532
   0.85565 -0.03875  0.04779
   0.87030 -0.03837  0.00745
   0.88491 -0.03775  0.07722
   0.90017 -0.03743  0.04663
   0.91639 -0.03709  0.04823
   0.93301 -0.03674  0.04978
   0.94953 -0.03640  0.05420
   0.96543 -0.03607  0.06016
   0.98005 -0.03577  0.06775
   0.99275 -0.03551  0.07813
   0.99999 -0.03536  0.08976
