foil
    0.9999940     0.0456367     
    0.9979697     0.0458169     
    0.9959454     0.0459970     
    0.9939212     0.0461772     
    0.9918969     0.0463573     
    0.9898726     0.0465375     
    0.9878483     0.0467176     
    0.9858240     0.0468978     
    0.9837998     0.0470779     
    0.9817755     0.0472581     
    0.9797512     0.0474382     
    0.9777269     0.0476184     
    0.9757026     0.0477985     
    0.9736784     0.0479787     
    0.9716541     0.0481588     
    0.9696298     0.0483390     
    0.9676055     0.0485191     
    0.9655813     0.0486993     
    0.9635570     0.0488794     
    0.9615327     0.0490596     
    0.9595084     0.0492397     
    0.9574841     0.0494199     
    0.9554599     0.0496000     
    0.9534356     0.0497802     
    0.9514113     0.0499603     
    0.9493870     0.0501405     
    0.9473627     0.0503206     
    0.9453385     0.0505008     
    0.9433142     0.0506809     
    0.9412899     0.0508611     
    0.9392656     0.0510412     
    0.9372413     0.0512214     
    0.9352171     0.0514015     
    0.9331928     0.0515817     
    0.9311685     0.0517618     
    0.9291442     0.0519420     
    0.9271199     0.0521221     
    0.9250957     0.0523023     
    0.9230714     0.0524824     
    0.9210471     0.0526626     
    0.9190228     0.0528427     
    0.9169985     0.0530229     
    0.9149743     0.0532030     
    0.9129500     0.0533832     
    0.9109257     0.0535633     
    0.9089014     0.0537435     
    0.9068771     0.0539236     
    0.9048529     0.0541038     
    0.9028286     0.0542839     
    0.9008043     0.0544641     
    0.8987800     0.0546423     
    0.8967558     0.0548220     
    0.8947315     0.0550029     
    0.8927072     0.0551842     
    0.8906829     0.0553648     
    0.8886586     0.0555466     
    0.8866344     0.0557297     
    0.8846101     0.0559114     
    0.8825858     0.0560961     
    0.8805615     0.0562820     
    0.8785372     0.0564691     
    0.8765130     0.0566567     
    0.8744887     0.0568440     
    0.8724644     0.0570322     
    0.8704401     0.0572215     
    0.8684158     0.0574159     
    0.8663916     0.0576381     
    0.8643673     0.0578611     
    0.8623430     0.0580851     
    0.8603187     0.0583090     
    0.8582944     0.0585306     
    0.8562702     0.0587532     
    0.8542459     0.0589766     
    0.8522216     0.0591877     
    0.8501973     0.0593527     
    0.8481730     0.0595189     
    0.8461488     0.0596863     
    0.8441245     0.0598540     
    0.8421002     0.0600172     
    0.8400759     0.0601815     
    0.8380517     0.0603471     
    0.8360274     0.0605216     
    0.8340031     0.0607155     
    0.8319788     0.0609103     
    0.8299545     0.0611058     
    0.8279303     0.0613021     
    0.8259060     0.0614953     
    0.8238817     0.0616893     
    0.8218574     0.0618840     
    0.8198331     0.0620816     
    0.8178089     0.0622842     
    0.8157846     0.0624874     
    0.8137603     0.0626912     
    0.8117360     0.0628955     
    0.8097117     0.0630937     
    0.8076875     0.0632921     
    0.8056632     0.0634911     
    0.8036389     0.0636838     
    0.8016146     0.0638684     
    0.7995903     0.0640536     
    0.7975661     0.0642396     
    0.7955418     0.0644264     
    0.7935175     0.0646085     
    0.7914932     0.0647902     
    0.7894689     0.0649726     
    0.7874447     0.0651625     
    0.7854204     0.0653629     
    0.7833961     0.0655637     
    0.7813718     0.0657652     
    0.7793476     0.0659670     
    0.7773233     0.0661642     
    0.7752990     0.0663597     
    0.7732747     0.0665558     
    0.7712504     0.0667459     
    0.7692262     0.0669291     
    0.7672019     0.0671131     
    0.7651776     0.0672977     
    0.7631533     0.0674827     
    0.7611290     0.0676643     
    0.7591048     0.0678439     
    0.7570805     0.0680238     
    0.7550562     0.0682126     
    0.7530319     0.0684133     
    0.7510076     0.0686142     
    0.7489834     0.0688154     
    0.7469591     0.0690170     
    0.7449348     0.0692156     
    0.7429105     0.0694108     
    0.7408862     0.0696062     
    0.7388620     0.0697942     
    0.7368377     0.0699745     
    0.7348134     0.0701556     
    0.7327891     0.0703372     
    0.7307648     0.0705192     
    0.7287406     0.0706991     
    0.7267163     0.0708735     
    0.7246920     0.0710484     
    0.7226677     0.0712276     
    0.7206434     0.0714124     
    0.7186192     0.0715977     
    0.7165949     0.0717832     
    0.7145706     0.0719690     
    0.7125463     0.0721539     
    0.7105221     0.0723338     
    0.7084978     0.0725141     
    0.7064735     0.0726960     
    0.7044492     0.0728793     
    0.7024249     0.0730628     
    0.7004007     0.0732465     
    0.6983764     0.0734305     
    0.6963521     0.0736144     
    0.6943278     0.0737905     
    0.6923035     0.0739670     
    0.6902793     0.0741418     
    0.6882550     0.0743165     
    0.6862307     0.0744921     
    0.6842064     0.0746677     
    0.6821821     0.0748439     
    0.6801579     0.0750201     
    0.6781336     0.0751888     
    0.6761093     0.0753568     
    0.6740850     0.0755237     
    0.6720607     0.0756902     
    0.6700365     0.0758573     
    0.6680122     0.0760245     
    0.6659879     0.0761919     
    0.6639636     0.0763598     
    0.6619393     0.0765221     
    0.6599151     0.0766830     
    0.6578908     0.0768490     
    0.6558665     0.0770171     
    0.6538422     0.0771854     
    0.6518180     0.0773537     
    0.6497937     0.0775223     
    0.6477694     0.0776912     
    0.6457451     0.0778548     
    0.6437208     0.0780156     
    0.6416966     0.0781743     
    0.6396723     0.0783330     
    0.6376480     0.0784920     
    0.6356237     0.0786513     
    0.6335994     0.0788108     
    0.6315752     0.0789705     
    0.6295509     0.0791254     
    0.6275266     0.0792754     
    0.6255023     0.0794230     
    0.6234780     0.0795705     
    0.6214538     0.0797184     
    0.6194295     0.0798666     
    0.6174052     0.0800150     
    0.6153809     0.0801636     
    0.6133566     0.0803099     
    0.6113324     0.0804520     
    0.6093081     0.0806013     
    0.6072838     0.0807518     
    0.6052595     0.0809022     
    0.6032352     0.0810527     
    0.6012110     0.0812034     
    0.5991867     0.0813542     
    0.5971624     0.0815025     
    0.5951381     0.0816427     
    0.5931139     0.0817746     
    0.5910896     0.0819071     
    0.5890653     0.0820402     
    0.5870410     0.0821735     
    0.5850167     0.0823069     
    0.5829925     0.0824407     
    0.5809682     0.0825738     
    0.5789439     0.0826995     
    0.5769196     0.0828322     
    0.5748953     0.0829633     
    0.5728711     0.0830946     
    0.5708468     0.0832259     
    0.5688225     0.0833574     
    0.5667982     0.0834891     
    0.5647739     0.0836209     
    0.5627497     0.0837427     
    0.5607254     0.0838623     
    0.5587011     0.0839832     
    0.5566768     0.0841045     
    0.5546525     0.0842256     
    0.5526283     0.0843472     
    0.5506040     0.0844686     
    0.5485797     0.0845903     
    0.5465554     0.0847035     
    0.5445311     0.0848151     
    0.5425069     0.0849269     
    0.5404826     0.0850387     
    0.5384583     0.0851508     
    0.5364340     0.0852630     
    0.5344097     0.0853753     
    0.5323855     0.0854878     
    0.5303612     0.0855928     
    0.5283369     0.0856947     
    0.5263126     0.0857967     
    0.5242884     0.0858990     
    0.5222641     0.0860012     
    0.5202398     0.0861036     
    0.5182155     0.0862062     
    0.5161912     0.0863090     
    0.5141670     0.0864060     
    0.5121427     0.0865020     
    0.5101184     0.0865974     
    0.5080941     0.0866929     
    0.5060698     0.0867885     
    0.5040456     0.0868842     
    0.5020213     0.0869799     
    0.4999970     0.0870758     
    0.4979727     0.0871640     
    0.4959484     0.0872423     
    0.4939242     0.0873223     
    0.4918999     0.0874025     
    0.4898756     0.0874828     
    0.4878513     0.0875632     
    0.4858270     0.0876438     
    0.4838028     0.0877245     
    0.4817785     0.0878020     
    0.4797542     0.0878772     
    0.4777299     0.0879510     
    0.4757056     0.0880249     
    0.4736814     0.0880988     
    0.4716571     0.0881729     
    0.4696328     0.0882470     
    0.4676085     0.0883212     
    0.4655843     0.0883902     
    0.4635600     0.0884497     
    0.4615357     0.0885098     
    0.4595114     0.0885700     
    0.4574871     0.0886304     
    0.4554629     0.0886909     
    0.4534386     0.0887514     
    0.4514143     0.0888121     
    0.4493900     0.0888684     
    0.4473657     0.0889150     
    0.4453415     0.0889619     
    0.4433172     0.0890088     
    0.4412929     0.0890557     
    0.4392686     0.0891028     
    0.4372443     0.0891501     
    0.4352201     0.0891974     
    0.4331958     0.0892432     
    0.4311715     0.0892808     
    0.4291472     0.0893179     
    0.4271229     0.0893548     
    0.4250987     0.0893921     
    0.4230744     0.0894294     
    0.4210501     0.0894667     
    0.4190258     0.0895040     
    0.4170015     0.0895355     
    0.4149773     0.0895555     
    0.4129530     0.0895758     
    0.4109287     0.0895963     
    0.4089044     0.0896169     
    0.4068801     0.0896375     
    0.4048559     0.0896582     
    0.4028316     0.0896791     
    0.4008073     0.0896972     
    0.3987830     0.0897044     
    0.3967588     0.0897117     
    0.3947345     0.0897191     
    0.3927102     0.0897267     
    0.3906859     0.0897341     
    0.3886616     0.0897417     
    0.3866374     0.0897493     
    0.3846131     0.0897507     
    0.3825888     0.0897411     
    0.3805645     0.0897315     
    0.3785402     0.0897221     
    0.3765160     0.0897126     
    0.3744917     0.0897032     
    0.3724674     0.0896939     
    0.3704431     0.0896846     
    0.3684188     0.0896706     
    0.3663946     0.0896466     
    0.3643703     0.0896227     
    0.3623460     0.0895986     
    0.3603217     0.0895748     
    0.3582974     0.0895508     
    0.3562732     0.0895268     
    0.3542489     0.0895017     
    0.3522246     0.0894652     
    0.3502003     0.0894210     
    0.3481760     0.0893770     
    0.3461518     0.0893329     
    0.3441275     0.0892888     
    0.3421032     0.0892446     
    0.3400789     0.0892005     
    0.3380547     0.0891592     
    0.3360304     0.0891036     
    0.3340061     0.0890441     
    0.3319818     0.0889843     
    0.3299575     0.0889244     
    0.3279333     0.0888647     
    0.3259090     0.0888048     
    0.3238847     0.0887441     
    0.3218604     0.0886825     
    0.3198361     0.0886003     
    0.3178119     0.0885179     
    0.3157876     0.0884354     
    0.3137633     0.0883527     
    0.3117390     0.0882701     
    0.3097147     0.0881874     
    0.3076905     0.0881078     
    0.3056662     0.0880240     
    0.3036419     0.0879241     
    0.3016176     0.0878240     
    0.2995933     0.0877239     
    0.2975691     0.0876236     
    0.2955448     0.0875232     
    0.2935205     0.0874218     
    0.2914962     0.0873202     
    0.2894719     0.0872076     
    0.2874477     0.0870831     
    0.2854234     0.0869584     
    0.2833991     0.0868337     
    0.2813748     0.0867088     
    0.2793506     0.0865839     
    0.2773263     0.0864606     
    0.2753020     0.0863377     
    0.2732777     0.0861968     
    0.2712534     0.0860507     
    0.2692292     0.0859045     
    0.2672049     0.0857581     
    0.2651806     0.0856116     
    0.2631563     0.0854648     
    0.2611320     0.0853188     
    0.2591078     0.0851695     
    0.2570835     0.0849988     
    0.2550592     0.0848279     
    0.2530349     0.0846567     
    0.2510106     0.0844855     
    0.2489864     0.0843140     
    0.2469621     0.0841440     
    0.2449378     0.0839739     
    0.2429135     0.0837907     
    0.2408892     0.0835946     
    0.2388650     0.0833983     
    0.2368407     0.0832017     
    0.2348164     0.0830049     
    0.2327921     0.0828084     
    0.2307678     0.0826120     
    0.2287436     0.0824153     
    0.2267193     0.0821938     
    0.2246950     0.0819700     
    0.2226707     0.0817460     
    0.2206464     0.0815218     
    0.2186222     0.0812983     
    0.2165979     0.0810753     
    0.2145736     0.0808521     
    0.2125493     0.0806170     
    0.2105251     0.0803651     
    0.2085008     0.0801127     
    0.2064765     0.0798602     
    0.2044522     0.0796077     
    0.2024279     0.0793557     
    0.2004037     0.0791033     
    0.1983794     0.0788506     
    0.1963551     0.0785691     
    0.1943308     0.0782859     
    0.1923065     0.0780023     
    0.1902823     0.0777192     
    0.1882580     0.0774366     
    0.1862337     0.0771538     
    0.1842094     0.0768704     
    0.1821851     0.0765684     
    0.1801609     0.0762528     
    0.1781366     0.0759369     
    0.1761123     0.0756214     
    0.1740880     0.0753064     
    0.1720637     0.0749909     
    0.1700395     0.0746748     
    0.1680152     0.0743487     
    0.1659909     0.0739978     
    0.1639666     0.0736464     
    0.1619423     0.0732960     
    0.1599181     0.0729454     
    0.1578938     0.0725944     
    0.1558695     0.0722431     
    0.1538452     0.0718873     
    0.1518210     0.0714987     
    0.1497967     0.0711097     
    0.1477724     0.0707216     
    0.1457481     0.0703329     
    0.1437238     0.0699437     
    0.1416996     0.0695537     
    0.1396753     0.0691613     
    0.1376510     0.0687311     
    0.1356267     0.0683015     
    0.1336024     0.0678723     
    0.1315782     0.0674423     
    0.1295539     0.0670117     
    0.1275296     0.0665802     
    0.1255053     0.0661411     
    0.1234810     0.0656666     
    0.1214568     0.0651924     
    0.1194325     0.0647175     
    0.1174082     0.0642415     
    0.1153839     0.0637645     
    0.1133596     0.0632868     
    0.1113354     0.0627855     
    0.1093111     0.0622633     
    0.1072868     0.0617404     
    0.1052625     0.0612164     
    0.1032382     0.0606912     
    0.1012140     0.0601648     
    0.0991897     0.0596340     
    0.0971654     0.0590593     
    0.0951411     0.0584832     
    0.0931169     0.0579057     
    0.0910926     0.0573269     
    0.0890683     0.0567466     
    0.0870440     0.0561650     
    0.0850197     0.0555346     
    0.0829955     0.0549025     
    0.0809712     0.0542687     
    0.0789469     0.0536331     
    0.0769226     0.0529964     
    0.0748983     0.0523363     
    0.0728741     0.0516390     
    0.0708498     0.0509397     
    0.0688255     0.0502379     
    0.0668012     0.0495338     
    0.0647769     0.0488145     
    0.0627527     0.0480476     
    0.0607284     0.0472780     
    0.0587041     0.0465051     
    0.0566798     0.0457312     
    0.0546555     0.0449153     
    0.0526313     0.0440741     
    0.0506070     0.0432289     
    0.0485827     0.0423803     
    0.0465584     0.0414857     
    0.0445341     0.0405607     
    0.0425099     0.0396299     
    0.0404856     0.0386857     
    0.0384613     0.0376793     
    0.0364370     0.0366667     
    0.0344127     0.0356422     
    0.0323885     0.0345451     
    0.0303642     0.0334388     
    0.0283399     0.0322817     
    0.0263156     0.0310739     
    0.0242914     0.0298383     
    0.0222671     0.0285181     
    0.0202428     0.0271643     
    0.0182185     0.0257112     
    0.0161942     0.0241810     
    0.0141700     0.0225730     
    0.0121457     0.0208128     
    0.0101214     0.0189108     
    0.0080971     0.0168123     
    0.0060728     0.0144377     
    0.0040486     0.0116446     
    0.0020243     0.0080047     
    0.0000000     -0.0004250    
    0.0000000     -0.0022690    
    0.0020243     -0.0076253    
    0.0040486     -0.0108283    
    0.0060728     -0.0132407    
    0.0080971     -0.0152362    
    0.0101214     -0.0169537    
    0.0121457     -0.0184782    
    0.0141700     -0.0198460    
    0.0161942     -0.0211187    
    0.0182185     -0.0222694    
    0.0202428     -0.0233593    
    0.0222671     -0.0243568    
    0.0242914     -0.0253132    
    0.0263156     -0.0262011    
    0.0283399     -0.0270565    
    0.0303642     -0.0278463    
    0.0323885     -0.0286325    
    0.0344127     -0.0293530    
    0.0364370     -0.0300589    
    0.0384613     -0.0307500    
    0.0404856     -0.0313777    
    0.0425099     -0.0320003    
    0.0445341     -0.0326230    
    0.0465584     -0.0331831    
    0.0485827     -0.0337368    
    0.0506070     -0.0342870    
    0.0526313     -0.0348189    
    0.0546555     -0.0353045    
    0.0566798     -0.0357876    
    0.0587041     -0.0362682    
    0.0607284     -0.0367478    
    0.0627527     -0.0371724    
    0.0647769     -0.0375957    
    0.0668012     -0.0380174    
    0.0688255     -0.0384378    
    0.0708498     -0.0388492    
    0.0728741     -0.0392175    
    0.0748983     -0.0395846    
    0.0769226     -0.0399504    
    0.0789469     -0.0403150    
    0.0809712     -0.0406789    
    0.0829955     -0.0410096    
    0.0850197     -0.0413253    
    0.0870440     -0.0416401    
    0.0890683     -0.0419537    
    0.0910926     -0.0422669    
    0.0931169     -0.0425793    
    0.0951411     -0.0428639    
    0.0971654     -0.0431338    
    0.0991897     -0.0434027    
    0.1012140     -0.0436712    
    0.1032382     -0.0439393    
    0.1052625     -0.0442071    
    0.1072868     -0.0444700    
    0.1093111     -0.0447012    
    0.1113354     -0.0449319    
    0.1133596     -0.0451621    
    0.1153839     -0.0453918    
    0.1174082     -0.0456212    
    0.1194325     -0.0458501    
    0.1214568     -0.0460712    
    0.1234810     -0.0462667    
    0.1255053     -0.0464618    
    0.1275296     -0.0466565    
    0.1295539     -0.0468510    
    0.1315782     -0.0470451    
    0.1336024     -0.0472390    
    0.1356267     -0.0474324    
    0.1376510     -0.0475975    
    0.1396753     -0.0477623    
    0.1416996     -0.0479269    
    0.1437238     -0.0480912    
    0.1457481     -0.0482551    
    0.1477724     -0.0484186    
    0.1497967     -0.0485822    
    0.1518210     -0.0487317    
    0.1538452     -0.0488697    
    0.1558695     -0.0490076    
    0.1578938     -0.0491456    
    0.1599181     -0.0492836    
    0.1619423     -0.0494214    
    0.1639666     -0.0495585    
    0.1659909     -0.0496949    
    0.1680152     -0.0498114    
    0.1700395     -0.0499264    
    0.1720637     -0.0500413    
    0.1740880     -0.0501554    
    0.1761123     -0.0502692    
    0.1781366     -0.0503833    
    0.1801609     -0.0504974    
    0.1821851     -0.0506078    
    0.1842094     -0.0507027    
    0.1862337     -0.0507975    
    0.1882580     -0.0508921    
    0.1902823     -0.0509866    
    0.1923065     -0.0510811    
    0.1943308     -0.0511754    
    0.1963551     -0.0512694    
    0.1983794     -0.0513580    
    0.2004037     -0.0514350    
    0.2024279     -0.0515122    
    0.2044522     -0.0515893    
    0.2064765     -0.0516664    
    0.2085008     -0.0517434    
    0.2105251     -0.0518196    
    0.2125493     -0.0518958    
    0.2145736     -0.0519663    
    0.2165979     -0.0520281    
    0.2186222     -0.0520897    
    0.2206464     -0.0521503    
    0.2226707     -0.0522111    
    0.2246950     -0.0522718    
    0.2267193     -0.0523326    
    0.2287436     -0.0523935    
    0.2307678     -0.0524497    
    0.2327921     -0.0524976    
    0.2348164     -0.0525457    
    0.2368407     -0.0525935    
    0.2388650     -0.0526412    
    0.2408892     -0.0526887    
    0.2429135     -0.0527358    
    0.2449378     -0.0527828    
    0.2469621     -0.0528264    
    0.2489864     -0.0528617    
    0.2510106     -0.0528971    
    0.2530349     -0.0529327    
    0.2550592     -0.0529682    
    0.2570835     -0.0530035    
    0.2591078     -0.0530383    
    0.2611320     -0.0530729    
    0.2631563     -0.0531061    
    0.2651806     -0.0531314    
    0.2672049     -0.0531562    
    0.2692292     -0.0531800    
    0.2712534     -0.0532038    
    0.2732777     -0.0532279    
    0.2753020     -0.0532525    
    0.2773263     -0.0532771    
    0.2793506     -0.0533016    
    0.2813748     -0.0533174    
    0.2833991     -0.0533332    
    0.2854234     -0.0533491    
    0.2874477     -0.0533648    
    0.2894719     -0.0533799    
    0.2914962     -0.0533942    
    0.2935205     -0.0534086    
    0.2955448     -0.0534230    
    0.2975691     -0.0534314    
    0.2995933     -0.0534380    
    0.3016176     -0.0534441    
    0.3036419     -0.0534502    
    0.3056662     -0.0534564    
    0.3076905     -0.0534625    
    0.3097147     -0.0534687    
    0.3117390     -0.0534748    
    0.3137633     -0.0534773    
    0.3157876     -0.0534766    
    0.3178119     -0.0534761    
    0.3198361     -0.0534756    
    0.3218604     -0.0534746    
    0.3238847     -0.0534725    
    0.3259090     -0.0534704    
    0.3279333     -0.0534685    
    0.3299575     -0.0534651    
    0.3319818     -0.0534575    
    0.3340061     -0.0534477    
    0.3360304     -0.0534379    
    0.3380547     -0.0534283    
    0.3400789     -0.0534201    
    0.3421032     -0.0534118    
    0.3441275     -0.0534038    
    0.3461518     -0.0533955    
    0.3481760     -0.0533822    
    0.3502003     -0.0533693    
    0.3522246     -0.0533563    
    0.3542489     -0.0533432    
    0.3562732     -0.0533274    
    0.3582974     -0.0533116    
    0.3603217     -0.0532957    
    0.3623460     -0.0532799    
    0.3643703     -0.0532612    
    0.3663946     -0.0532390    
    0.3684188     -0.0532166    
    0.3704431     -0.0531941    
    0.3724674     -0.0531744    
    0.3744917     -0.0531554    
    0.3765160     -0.0531363    
    0.3785402     -0.0531173    
    0.3805645     -0.0530971    
    0.3825888     -0.0530727    
    0.3846131     -0.0530482    
    0.3866374     -0.0530238    
    0.3886616     -0.0529973    
    0.3906859     -0.0529694    
    0.3927102     -0.0529415    
    0.3947345     -0.0529137    
    0.3967588     -0.0528860    
    0.3987830     -0.0528553    
    0.4008073     -0.0528265    
    0.4028316     -0.0527976    
    0.4048559     -0.0527672    
    0.4068801     -0.0527348    
    0.4089044     -0.0527026    
    0.4109287     -0.0526704    
    0.4129530     -0.0526381    
    0.4149773     -0.0526021    
    0.4170015     -0.0525602    
    0.4190258     -0.0525184    
    0.4210501     -0.0524792    
    0.4230744     -0.0524459    
    0.4250987     -0.0524125    
    0.4271229     -0.0523793    
    0.4291472     -0.0523461    
    0.4311715     -0.0523117    
    0.4331958     -0.0522762    
    0.4352201     -0.0522407    
    0.4372443     -0.0522048    
    0.4392686     -0.0521638    
    0.4412929     -0.0521229    
    0.4433172     -0.0520821    
    0.4453415     -0.0520411    
    0.4473657     -0.0520002    
    0.4493900     -0.0519551    
    0.4514143     -0.0519097    
    0.4534386     -0.0518644    
    0.4554629     -0.0518184    
    0.4574871     -0.0517723    
    0.4595114     -0.0517264    
    0.4615357     -0.0516803    
    0.4635600     -0.0516343    
    0.4655843     -0.0515876    
    0.4676085     -0.0515400    
    0.4696328     -0.0514924    
    0.4716571     -0.0514452    
    0.4736814     -0.0513982    
    0.4757056     -0.0513512    
    0.4777299     -0.0513045    
    0.4797542     -0.0512576    
    0.4817785     -0.0512064    
    0.4838028     -0.0511507    
    0.4858270     -0.0510949    
    0.4878513     -0.0510415    
    0.4898756     -0.0509917    
    0.4918999     -0.0509420    
    0.4939242     -0.0508922    
    0.4959484     -0.0508425    
    0.4979727     -0.0507950    
    0.4999970     -0.0507470    
    0.5020213     -0.0506989    
    0.5040456     -0.0506491    
    0.5060698     -0.0505899    
    0.5080941     -0.0505309    
    0.5101184     -0.0504718    
    0.5121427     -0.0504128    
    0.5141670     -0.0503536    
    0.5161912     -0.0502904    
    0.5182155     -0.0502263    
    0.5202398     -0.0501622    
    0.5222641     -0.0501070    
    0.5242884     -0.0500523    
    0.5263126     -0.0499977    
    0.5283369     -0.0499432    
    0.5303612     -0.0498887    
    0.5323855     -0.0498315    
    0.5344097     -0.0497719    
    0.5364340     -0.0497126    
    0.5384583     -0.0496519    
    0.5404826     -0.0495907    
    0.5425069     -0.0495297    
    0.5445311     -0.0494686    
    0.5465554     -0.0494076    
    0.5485797     -0.0493492    
    0.5506040     -0.0492891    
    0.5526283     -0.0492289    
    0.5546525     -0.0491667    
    0.5566768     -0.0491028    
    0.5587011     -0.0490392    
    0.5607254     -0.0489753    
    0.5627497     -0.0489118    
    0.5647739     -0.0488468    
    0.5667982     -0.0487784    
    0.5688225     -0.0487092    
    0.5708468     -0.0486413    
    0.5728711     -0.0485764    
    0.5748953     -0.0485116    
    0.5769196     -0.0484469    
    0.5789439     -0.0483823    
    0.5809682     -0.0483178    
    0.5829925     -0.0482565    
    0.5850167     -0.0481930    
    0.5870410     -0.0481289    
    0.5890653     -0.0480610    
    0.5910896     -0.0479931    
    0.5931139     -0.0479255    
    0.5951381     -0.0478577    
    0.5971624     -0.0477900    
    0.5991867     -0.0477185    
    0.6012110     -0.0476446    
    0.6032352     -0.0475706    
    0.6052595     -0.0475047    
    0.6072838     -0.0474388    
    0.6093081     -0.0473733    
    0.6113324     -0.0473077    
    0.6133566     -0.0472422    
    0.6153809     -0.0471794    
    0.6174052     -0.0471196    
    0.6194295     -0.0470578    
    0.6214538     -0.0469839    
    0.6234780     -0.0469079    
    0.6255023     -0.0468319    
    0.6275266     -0.0467559    
    0.6295509     -0.0466799    
    0.6315752     -0.0466037    
    0.6335994     -0.0465232    
    0.6356237     -0.0464421    
    0.6376480     -0.0463708    
    0.6396723     -0.0463043    
    0.6416966     -0.0462379    
    0.6437208     -0.0461716    
    0.6457451     -0.0461054    
    0.6477694     -0.0460394    
    0.6497937     -0.0459721    
    0.6518180     -0.0459037    
    0.6538422     -0.0458338    
    0.6558665     -0.0457630    
    0.6578908     -0.0456925    
    0.6599151     -0.0456218    
    0.6619393     -0.0455515    
    0.6639636     -0.0454810    
    0.6659879     -0.0454144    
    0.6680122     -0.0453524    
    0.6700365     -0.0452802    
    0.6720607     -0.0451976    
    0.6740850     -0.0451150    
    0.6761093     -0.0450325    
    0.6781336     -0.0449499    
    0.6801579     -0.0448675    
    0.6821821     -0.0447840    
    0.6842064     -0.0446907    
    0.6862307     -0.0446109    
    0.6882550     -0.0445499    
    0.6902793     -0.0444890    
    0.6923035     -0.0444283    
    0.6943278     -0.0443679    
    0.6963521     -0.0443078    
    0.6983764     -0.0442477    
    0.7004007     -0.0441943    
    0.7024249     -0.0441320    
    0.7044492     -0.0440493    
    0.7064735     -0.0439667    
    0.7084978     -0.0438842    
    0.7105221     -0.0438015    
    0.7125463     -0.0437192    
    0.7145706     -0.0436369    
    0.7165949     -0.0435532    
    0.7186192     -0.0434703    
    0.7206434     -0.0433991    
    0.7226677     -0.0433280    
    0.7246920     -0.0432570    
    0.7267163     -0.0431862    
    0.7287406     -0.0431154    
    0.7307648     -0.0430448    
    0.7327891     -0.0429741    
    0.7348134     -0.0429032    
    0.7368377     -0.0428338    
    0.7388620     -0.0427643    
    0.7408862     -0.0426950    
    0.7429105     -0.0426257    
    0.7449348     -0.0425567    
    0.7469591     -0.0424878    
    0.7489834     -0.0424189    
    0.7510076     -0.0423527    
    0.7530319     -0.0422784    
    0.7550562     -0.0421983    
    0.7570805     -0.0421182    
    0.7591048     -0.0420384    
    0.7611290     -0.0419584    
    0.7631533     -0.0418787    
    0.7651776     -0.0417991    
    0.7672019     -0.0417180    
    0.7692262     -0.0416427    
    0.7712504     -0.0415803    
    0.7732747     -0.0415183    
    0.7752990     -0.0414565    
    0.7773233     -0.0413948    
    0.7793476     -0.0413333    
    0.7813718     -0.0412720    
    0.7833961     -0.0412109    
    0.7854204     -0.0411513    
    0.7874447     -0.0410752    
    0.7894689     -0.0409981    
    0.7914932     -0.0409214    
    0.7935175     -0.0408445    
    0.7955418     -0.0407680    
    0.7975661     -0.0406914    
    0.7995903     -0.0406150    
    0.8016146     -0.0405380    
    0.8036389     -0.0404668    
    0.8056632     -0.0403968    
    0.8076875     -0.0403272    
    0.8097117     -0.0402577    
    0.8117360     -0.0401883    
    0.8137603     -0.0401191    
    0.8157846     -0.0400500    
    0.8178089     -0.0399805    
    0.8198331     -0.0399197    
    0.8218574     -0.0398643    
    0.8238817     -0.0398098    
    0.8259060     -0.0397555    
    0.8279303     -0.0397014    
    0.8299545     -0.0396476    
    0.8319788     -0.0395940    
    0.8340031     -0.0395407    
    0.8360274     -0.0394777    
    0.8380517     -0.0393958    
    0.8400759     -0.0393137    
    0.8421002     -0.0392317    
    0.8441245     -0.0391499    
    0.8461488     -0.0390682    
    0.8481730     -0.0389868    
    0.8501973     -0.0389054    
    0.8522216     -0.0388312    
    0.8542459     -0.0387814    
    0.8562702     -0.0387331    
    0.8582944     -0.0386864    
    0.8603187     -0.0386400    
    0.8623430     -0.0385939    
    0.8643673     -0.0385482    
    0.8663916     -0.0385027    
    0.8684158     -0.0384525    
    0.8704401     -0.0383640    
    0.8724644     -0.0382757    
    0.8744887     -0.0381890    
    0.8765130     -0.0381024    
    0.8785372     -0.0380161    
    0.8805615     -0.0379303    
    0.8825858     -0.0378446    
    0.8846101     -0.0377615    
    0.8866344     -0.0377138    
    0.8886586     -0.0376664    
    0.8906829     -0.0376220    
    0.8927072     -0.0375793    
    0.8947315     -0.0375370    
    0.8967558     -0.0374949    
    0.8987800     -0.0374534    
    0.9008043     -0.0374122    
    0.9028286     -0.0373702    
    0.9048529     -0.0373283    
    0.9068771     -0.0372863    
    0.9089014     -0.0372443    
    0.9109257     -0.0372024    
    0.9129500     -0.0371604    
    0.9149743     -0.0371184    
    0.9169985     -0.0370765    
    0.9190228     -0.0370345    
    0.9210471     -0.0369925    
    0.9230714     -0.0369506    
    0.9250957     -0.0369086    
    0.9271199     -0.0368666    
    0.9291442     -0.0368247    
    0.9311685     -0.0367827    
    0.9331928     -0.0367407    
    0.9352171     -0.0366988    
    0.9372413     -0.0366568    
    0.9392656     -0.0366148    
    0.9412899     -0.0365729    
    0.9433142     -0.0365309    
    0.9453385     -0.0364889    
    0.9473627     -0.0364470    
    0.9493870     -0.0364050    
    0.9514113     -0.0363630    
    0.9534356     -0.0363211    
    0.9554599     -0.0362791    
    0.9574841     -0.0362371    
    0.9595084     -0.0361952    
    0.9615327     -0.0361532    
    0.9635570     -0.0361112    
    0.9655813     -0.0360693    
    0.9676055     -0.0360273    
    0.9696298     -0.0359853    
    0.9716541     -0.0359434    
    0.9736784     -0.0359014    
    0.9757026     -0.0358594    
    0.9777269     -0.0358175    
    0.9797512     -0.0357755    
    0.9817755     -0.0357335    
    0.9837998     -0.0356916    
    0.9858240     -0.0356496    
    0.9878483     -0.0356076    
    0.9898726     -0.0355657    
    0.9918969     -0.0355237    
    0.9939212     -0.0354817    
    0.9959454     -0.0354398    
    0.9979697     -0.0353978    
    0.9999940     -0.0353559    
